Vancouver
110 105 394 574
Seattle
106 160 284 701
Portland
84 210 238 814
San Francisco
70 407 215 1260
Los Angeles
147 512 381 1499
Calgary
240 87 587 529
Helena
340 219 820 829
Salt Lake City
269 343 654 1112
Las Vegas
212 453 537 1363
Phoenix
268 518 661 1506
El Paso
387 555 930 1592
Santa Fe
392 465 942 1391
Denver
399 375 956 1185
Winnipeg
465 98 1106 550
Duluth
578 213 1356 816
Omaha
547 306 1290 1026
Kansas City
568 357 1339 1141
Oklahoma City
548 443 1295 1334
Dallas
568 531 1342 1536
Houston
609 571 1438 1627
Sault St. Marie
705 147 1643 668
Toronto
814 169 1891 714
Chicago
700 276 1632 959
Saint Louis
655 358 1534 1142
Little Rock
638 447 1498 1345
New Orleans
703 559 1650 1604
Atlanta
799 431 1865 1308
Nashville
749 397 1748 1228
Pittsburgh
831 260 1933 921
Charleston
893 439 2079 1322
Miami
925 596 2153 1679
Raleigh
865 373 2015 1175
Washington
924 306 2148 1022
New York
916 215 2123 818
Boston
968 141 2242 645
Montreal
897 82 2079 517
